0.000000 	 1.000000 
0.722970 	 2.000000 
0.947300 	 3.000000 
0.949190 	 4.000000 
1.171630 	 5.000000 
1.173520 	 6.000000 
1.175410 	 7.000000 
1.177300 	 8.000000 
1.395960 	 9.000000 
1.397850 	 10.000000 
1.399740 	 11.000000 
1.401630 	 12.000000 
1.403520 	 13.000000 
1.405410 	 14.000000 
1.407310 	 15.000000 
1.409200 	 16.000000 
1.620290 	 17.000000 
1.622180 	 18.000000 
1.624070 	 19.000000 
1.625960 	 20.000000 
1.627850 	 20.050000 
1.629750 	 20.100000 
1.631640 	 20.150000 
1.633530 	 20.199000 
1.635420 	 20.249000 
1.637310 	 20.298000 
1.639200 	 20.347000 
1.641090 	 20.397000 
1.642980 	 20.446000 
1.644870 	 20.494000 
1.646760 	 20.543000 
1.648650 	 20.592000 
1.844620 	 20.641000 
1.846510 	 20.689000 
1.848400 	 20.737000 
1.850300 	 20.786000 
1.852190 	 20.834000 
1.854080 	 20.882000 
1.855970 	 20.930000 
1.857860 	 20.977000 
1.859750 	 21.025000 
1.861640 	 21.073000 
1.863530 	 21.120000 
1.865420 	 21.167000 
1.867310 	 21.215000 
1.869200 	 21.262000 
1.871090 	 21.309000 
1.872980 	 21.356000 
1.874870 	 21.403000 
1.876760 	 21.449000 
1.878650 	 21.496000 
1.880550 	 21.542000 
2.068950 	 21.589000 
2.070850 	 21.635000 
2.072740 	 21.681000 
2.074630 	 21.727000 
2.076520 	 21.773000 
2.078410 	 21.819000 
2.080300 	 21.865000 
2.082190 	 21.911000 
2.084080 	 21.957000 
2.085970 	 22.002000 
2.087860 	 22.048000 
2.089750 	 22.093000 
2.091640 	 22.138000 
2.093530 	 22.183000 
2.095420 	 22.228000 
2.097310 	 22.273000 
2.099200 	 22.318000 
2.101100 	 22.363000 
2.102990 	 22.408000 
2.104880 	 22.453000 
2.302250 	 22.497000 
2.303440 	 22.542000 
2.304620 	 22.586000 
2.305810 	 22.630000 
2.307000 	 22.674000 
2.308190 	 22.718000 
2.309370 	 22.762000 
2.310560 	 22.806000 
2.311750 	 22.850000 
2.312940 	 22.894000 
2.314120 	 22.938000 
2.315310 	 22.981000 
2.316500 	 23.025000 
2.317860 	 23.068000 
2.319750 	 23.112000 
2.321650 	 23.155000 
2.323540 	 23.198000 
2.325430 	 23.241000 
2.327320 	 23.284000 
2.329210 	 23.327000 
2.526580 	 23.370000 
2.528470 	 23.413000 
2.530360 	 23.455000 
2.532250 	 23.498000 
2.534140 	 23.541000 
2.536030 	 23.583000 
2.537920 	 23.626000 
2.539810 	 23.668000 
2.541710 	 23.710000 
2.543600 	 23.752000 
2.545490 	 23.794000 
2.547380 	 23.836000 
2.549270 	 23.878000 
2.551160 	 23.920000 
2.553050 	 23.962000 
2.554940 	 24.004000 
2.556830 	 24.045000 
2.558720 	 24.087000 
2.560610 	 24.129000 
2.562500 	 24.170000 
2.750910 	 24.211000 
2.752800 	 24.253000 
2.754690 	 24.294000 
2.756580 	 24.335000 
2.758470 	 24.376000 
2.760360 	 24.417000 
2.762260 	 24.458000 
2.764150 	 24.499000 
2.766040 	 24.540000 
2.767930 	 24.581000 
2.769820 	 24.621000 
2.771710 	 24.662000 
2.773600 	 24.702000 
2.775490 	 24.743000 
2.777380 	 24.783000 
2.779270 	 24.824000 
2.781160 	 24.864000 
2.783050 	 24.904000 
2.784940 	 24.944000 
2.786830 	 24.984000 
2.975240 	 25.024000 
2.977130 	 25.064000 
2.979020 	 25.104000 
2.980910 	 25.144000 
2.982800 	 25.184000 
2.984700 	 25.224000 
2.986590 	 25.263000 
2.988480 	 25.303000 
2.990370 	 25.342000 
2.992260 	 25.382000 
2.994150 	 25.421000 
2.996040 	 25.461000 
2.997930 	 25.500000 
2.999820 	 25.539000 
3.001710 	 25.578000 
3.003600 	 25.617000 
3.005490 	 25.656000 
3.007380 	 25.695000 
3.009270 	 25.734000 
3.011160 	 25.773000 
3.199570 	 25.812000 
3.201460 	 25.851000 
3.203350 	 25.889000 
3.205250 	 25.928000 
3.207140 	 25.967000 
3.209030 	 26.005000 
3.210920 	 26.044000 
3.212810 	 26.082000 
3.214700 	 26.120000 
3.216590 	 26.159000 
3.218480 	 26.197000 
3.220370 	 26.235000 
3.222260 	 26.273000 
3.224150 	 26.311000 
3.226040 	 26.349000 
3.227930 	 26.387000 
3.229820 	 26.425000 
3.231710 	 26.463000 
3.233600 	 26.501000 
3.235500 	 26.538000 
3.423900 	 26.576000 
3.425800 	 26.614000 
3.427690 	 26.651000 
3.429580 	 26.689000 
3.431470 	 26.726000 
3.433360 	 26.764000 
3.435250 	 26.801000 
3.437140 	 26.838000 
3.439030 	 26.876000 
3.440920 	 26.913000 
3.442810 	 26.950000 
3.444700 	 26.987000 
3.446590 	 27.024000 
3.448480 	 27.061000 
3.450370 	 27.098000 
3.452260 	 27.135000 
3.454150 	 27.172000 
3.456050 	 27.209000 
3.457940 	 27.245000 
3.459830 	 27.282000 
3.648240 	 27.319000 
3.650130 	 27.355000 
3.652020 	 27.392000 
3.653910 	 27.428000 
3.655800 	 27.465000 
3.657690 	 27.501000 
3.659580 	 27.538000 
3.661470 	 27.574000 
3.663360 	 27.610000 
3.665250 	 27.646000 
3.667140 	 27.683000 
3.669030 	 27.719000 
3.670920 	 27.755000 
3.672810 	 27.791000 
3.674700 	 27.827000 
3.676600 	 27.863000 
3.678490 	 27.899000 
3.680380 	 27.934000 
3.682270 	 27.970000 
3.684160 	 28.006000 
3.872570 	 28.042000 
3.874460 	 28.077000 
3.876350 	 28.113000 
3.878240 	 28.149000 
3.880130 	 28.184000 
3.882020 	 28.220000 
3.883910 	 28.255000 
3.885800 	 28.290000 
3.887690 	 28.326000 
3.889580 	 28.361000 
3.891470 	 28.396000 
3.893360 	 28.432000 
3.895250 	 28.467000 
3.897150 	 28.502000 
3.899040 	 28.537000 
3.900930 	 28.572000 
3.902820 	 28.607000 
3.904710 	 28.642000 
3.906600 	 28.677000 
3.908490 	 28.712000 
4.096900 	 28.747000 
4.098790 	 28.781000 
4.100680 	 28.816000 
4.102570 	 28.851000 
4.104460 	 28.885000 
4.106350 	 28.920000 
4.108240 	 28.955000 
4.110130 	 28.989000 
4.112020 	 29.024000 
4.113910 	 29.058000 
4.115800 	 29.093000 
4.117690 	 29.127000 
4.119590 	 29.161000 
4.121480 	 29.196000 
4.123370 	 29.230000 
4.125260 	 29.264000 
4.127150 	 29.298000 
4.129040 	 29.332000 
4.130930 	 29.366000 
4.132820 	 29.400000 
4.321230 	 29.434000 
4.323120 	 29.468000 
4.325010 	 29.502000 
4.326900 	 29.536000 
4.328790 	 29.570000 
4.330680 	 29.604000 
4.332570 	 29.638000 
4.334460 	 29.671000 
4.336350 	 29.705000 
4.338240 	 29.739000 
4.340140 	 29.772000 
4.342030 	 29.806000 
4.343920 	 29.840000 
4.345810 	 29.873000 
4.347700 	 29.907000 
4.349590 	 29.940000 
4.351480 	 29.973000 
4.353370 	 30.007000 
4.355260 	 30.040000 
4.357150 	 30.073000 
4.545560 	 30.107000 
4.547450 	 30.140000 
4.549340 	 30.173000 
4.551230 	 30.206000 
4.553120 	 30.239000 
4.555010 	 30.272000 
4.556900 	 30.305000 
4.558790 	 30.338000 
4.560690 	 30.371000 
4.562580 	 30.404000 
4.564470 	 30.437000 
4.566360 	 30.470000 
4.568250 	 30.503000 
4.570140 	 30.536000 
4.572030 	 30.568000 
4.573920 	 30.601000 
4.575810 	 30.634000 
4.577700 	 30.666000 
4.579590 	 30.699000 
4.581480 	 30.732000 
4.769890 	 30.764000 
4.771780 	 30.797000 
4.773670 	 30.829000 
4.775560 	 30.862000 
4.777450 	 30.894000 
4.779340 	 30.926000 
4.781240 	 30.959000 
4.783130 	 30.991000 
4.785020 	 31.023000 
4.786910 	 31.055000 
4.788800 	 31.088000 
4.790690 	 31.120000 
4.792580 	 31.152000 
4.794470 	 31.184000 
4.796360 	 31.216000 
4.798250 	 31.248000 
4.800140 	 31.280000 
4.802030 	 31.312000 
4.803920 	 31.344000 
4.805810 	 31.376000 
4.994220 	 31.408000 
4.996110 	 31.440000 
4.998000 	 31.471000 
4.999890 	 31.503000 
5.001790 	 31.535000 
5.003680 	 31.567000 
5.005570 	 31.598000 
5.007460 	 31.630000 
5.009350 	 31.662000 
5.011240 	 31.693000 
5.013130 	 31.725000 
5.015020 	 31.756000 
5.016910 	 31.788000 
5.018800 	 31.819000 
5.020690 	 31.851000 
5.022580 	 31.882000 
5.024470 	 31.913000 
5.026360 	 31.945000 
5.028250 	 31.976000 
5.030140 	 32.007000 
5.218550 	 32.039000 
5.220440 	 32.070000 
5.222330 	 32.101000 
5.224230 	 32.132000 
5.474230 	 1.000000 
